--------------------------------------------------------------------------------------------------------------------------------------------------------------------------------

Table_size = 53

prime = 5, 3 -> i = 10
447, 726, 771, 538, 869, 912, 667, 299, 352, 894, 703, 811, 322, 333, 673, 664, 141, 711, 253, 868, 547, 644, 662, 757, 371, 859, 723, 741, 529, 778

prime = 11 -> i = 9 
986, 290, 161, 636, 355, 767, 655, 574, 311, 521, 350, 150, 941, 724, 966, 430, 107, 191, 700, 337, 457, 287, 753, 383, 945, 909, 209, 758, 221, 588

prime = 17, 13, 11 -> i = 8
557, 476, 892, 389, 751, 712, 600, 510, 300, 869, 861, 688, 401, 789, 255, 423, 200, 585, 182, 285, 880, 426, 617, 757, 832, 932, 169, 154, 721, 189

prime = 3 -> i = 7
601, 771, 215, 683, 213, 992, 824, 601, 392, 759, 670, 428, 271, 841, 751, 786, 498, 970, 287, 847, 604, 503, 221, 663, 706, 363, 101, 171, 489, 240

prime = 29 -> i = 11
990, 145, 353, 314, 651, 740, 441, 258, 335, 759, 192, 605, 264, 181, 503, 829, 775, 608, 292, 997, 549, 556, 561, 627, 467, 541, 129, 240, 813, 174

prime = 29 -> i = 11
855, 855, 142, 462, 611, 877, 424, 678, 752, 443, 296, 673, 401, 313, 875, 721, 818, 610, 171, 932, 112, 695, 169, 831, 401, 488, 685, 901, 497, 589

prime = 5 -> i = 6
754, 511, 741, 175, 459, 825, 221, 870, 626, 934, 205, 783, 850, 398, 279, 701, 193, 734, 637, 534, 556, 993, 176, 705, 962, 548, 881, 300, 413, 641

prime = 17 -> i = 7
585, 411, 423, 129, 229, 565, 559, 932, 296, 855, 531, 962, 584, 734, 654, 972, 457, 369, 532, 963, 607, 483, 911, 635, 671, 848, 675, 938, 223, 142

prime = 31 -> i = 12
422, 946, 506, 301, 413, 168, 900, 591, 762, 655, 410, 359, 624, 537, 548, 483, 595, 411, 602, 350, 291, 836, 374, 201, 596, 211, 348, 199, 668, 484

prime = 29, 13, 5 -> i = 8
535, 450, 173, 466, 441, 659, 292, 439, 253, 241, 154, 510, 745, 649, 186, 313, 474, 221, 168, 181, 787, 905, 958, 391, 202, 625, 477, 414, 314, 824

----------------
3 2 lần
5 3 lần
11 2 lần
13 2 lần
17 2 lần
29 3 lần*
31 1 lần

--------------------------------------------------------------------------------------------------------------------------------------------------------------------------------





